list(n=c(1, 0, 0, 1, 0, 0, 0, 1, 0, 0, 0, 0), T=12, startp=0.2)
